マップ名はMap マップ番号 .txt

高さ　幅
10 10

最初,光のある方向　0北、1東、2南、3西
0

プレイヤーの初期値 X Y
1 8

-1 ゴール 0床 1 2 3 壁(数値は高さ)
  0  0  0  0  0  0  0  0  0  1
  1  0  0  0  0  0  0  0  0  1
  1 -1  0  0  0  0  1  1  0  1
  1  0  0  0  1  1  1  0  1  1
  1  1  0  2  0  0  1  1  1  1
  1  1  1  1  1  0  0  0  0  1
  1  0  1  0  1  1  1  0  0  2
  1  0  2  0  0  0  0  0  0  1
  1  0  3  0  0  0  0  0  1  1
  1  1  1  0  1  1  1  1  0  1

押したら移動する壁の矢印の向き 0矢印なし 1上 2右 3下 4左
  0  0  0  0  0  0  0  0  0  0
  0  0  0  0  0  0  0  0  0  0
  0  0  0  0  0  0  0  4  0  0
  0  0  0  0  0  4  4  0  2  0
  0  0  0  0  0  0  2  2  0  0
  0  1  2  2  0  0  0  0  0  0
  0  0  0  0  2  0  4  0  0  0
  0  0  0  0  0  0  0  0  0  0
  0  0  0  0  0  0  0  0  2  0
  0  0  0  0  0  0  0  0  0  0